205,68
205,125
205,127
205,128
205,129
205,156
205,157
205,162
205,163
205,165
205,166
205,167
205,168
205,169
205,170
205,171
205,172
205,173
205,174
205,175
205,180
205,183
205,193
205,237
205,238
205,257
205,272
205,273
205,278
205,279
205,280
205,281
205,282
205,283
205,284
205,285
205,286
205,287
205,288
205,289
205,290
205,291
205,292
205,293
205,294
205,295
205,296
205,297
205,298
205,299
205,300
205,301
205,302
205,303
205,304
205,305
205,306
205,307
205,308
205,309
205,310
205,311
205,312
205,313
205,314
205,315
205,316
205,317
205,318
205,319
205,320
205,321
205,322
205,323
205,325
205,328
205,329
205,377
205,378
205,385
205,396
205,397
205,402
205,403
205,404
205,405
205,427
205,428
205,434
205,435
205,476
205,484
205,485
205,486
205,488
205,489
205,490
205,491
205,493
205,494
205,495
205,496
205,497
205,498
205,499
205,500
205,501
205,502
205,503
205,504
206,1
206,12
206,13
206,14
206,15
206,17
206,18
206,19
206,20
206,21
206,22
206,23
206,24
206,25
206,26
206,27
206,28
206,29
206,30
206,31
206,32
206,33
206,34
206,35
206,36
206,37
206,38
206,39
206,40
206,41
206,42
206,43
206,44
206,45
206,46
206,47
206,48
206,49
206,50
206,51
206,52
206,53
206,54
206,55
206,56
206,57
206,58
206,59
206,60
206,61
206,62
206,65
206,79
206,80
206,111
206,112
206,118
206,128
206,129
206,135
206,136
206,157
206,162
206,163
206,164
206,165
206,166
206,167
206,168
206,169
206,170
206,171
206,172
206,173
206,174
206,176
206,178
206,179
206,180
206,181
206,183
206,184
206,193
206,196
206,200
206,201
206,237
206,238
206,257
206,277
206,278
206,279
206,280
206,281
206,282
206,283
206,284
206,285
206,286
206,287
206,288
206,289
206,290
206,291
206,292
206,293
206,294
206,295
206,296
206,297
206,298
206,299
206,300
206,301
206,302
206,303
206,304
206,305
206,306
206,307
206,308
206,309
206,310
206,311
206,312
206,313
206,314
206,315
206,316
206,317
206,318
206,319
206,320
206,321
206,322
206,323
206,324
206,325
206,326
206,328
206,329
206,341
206,342
206,375
206,379
206,380
206,385
206,392
206,393
206,398
206,399
206,402
206,403
206,404
206,405
206,415
206,416
206,475
206,476
206,485
206,486
206,488
206,489
206,490
206,492
206,493
206,498
206,499
206,500
206,501
206,502
206,503
207,1
207,12
207,13
207,14
207,15
207,17
207,18
207,19
207,20
207,21
207,22
207,23
207,24
207,25
207,26
207,27
207,28
207,29
207,30
207,31
207,32
207,33
207,34
207,35
207,36
207,37
207,38
207,39
207,40
207,41
207,42
207,43
207,44
207,45
207,46
207,47
207,48
207,49
207,50
207,51
207,52
207,53
207,54
207,55
207,56
207,57
207,58
207,59
207,60
207,61
207,64
207,65
207,66
207,79
207,80
207,118
207,128
207,129
207,135
207,136
207,163
207,164
207,165
207,166
207,167
207,168
207,169
207,171
207,172
207,173
207,176
207,177
207,178
207,179
207,181
207,182
207,183
207,184
207,188
207,189
207,193
207,196
207,201
207,257
207,273
207,274
207,275
207,276
207,277
207,278
207,279
207,280
207,281
207,283
207,284
207,285
207,286
207,287
207,288
207,289
207,290
207,291
207,292
207,293
207,294
207,295
207,296
207,297
207,298
207,299
207,300
207,301
207,302
207,303
207,304
207,305
207,306
207,307
207,308
207,309
207,310
207,311
207,312
207,313
207,314
207,315
207,316
207,317
207,318
207,319
207,320
207,321
207,322
207,323
207,324
207,325
207,326
207,327
207,328
207,329
207,348
207,355
207,360
207,375
207,379
207,380
207,385
207,387
207,388
207,403
207,416
207,444
207,445
207,448
207,449
207,474
207,475
207,476
207,484
207,485
207,489
207,490
207,492
207,493
207,494
207,495
207,496
207,497
207,498
207,499
207,500
207,501
207,502
207,503
207,511
208,1
208,6
208,11
208,12
208,15
208,16
208,17
208,18
208,19
208,20
208,21
208,22
208,23
208,24
208,25
208,26
208,27
208,28
208,29
208,30
208,31
208,32
208,33
208,34
208,35
208,36
208,37
208,38
208,39
208,40
208,41
208,42
208,43
208,44
208,45
208,46
208,47
208,48
208,49
208,50
208,51
208,52
208,53
208,54
208,55
208,56
208,57
208,58
208,59
208,60
208,61
208,64
208,65
208,66
208,88
208,89
208,90
208,120
208,121
208,128
208,129
208,165
208,166
208,167
208,168
208,169
208,170
208,171
208,172
208,175
208,176
208,177
208,178
208,179
208,181
208,182
208,193
208,214
208,215
208,220
208,257
208,273
208,274
208,275
208,277
208,280
208,281
208,282
208,283
208,284
208,285
208,286
208,287
208,288
208,289
208,290
208,291
208,292
208,293
208,294
208,295
208,296
208,297
208,298
208,299
208,300
208,301
208,302
208,303
208,304
208,305
208,306
208,307
208,308
208,309
208,310
208,311
208,312
208,313
208,314
208,315
208,316
208,317
208,318
208,319
208,320
208,321
208,322
208,323
208,324
208,325
208,326
208,327
208,328
208,329
208,348
208,355
208,356
208,360
208,361
208,385
208,387
208,388
208,392
208,393
208,406
208,407
208,444
208,448
208,449
208,475
208,476
208,481
208,482
208,485
208,488
208,489
208,490
208,492
208,493
208,494
208,495
208,496
208,497
208,498
208,499
209,1
209,5
209,6
209,12
209,16
209,17
209,18
209,19
209,20
209,21
209,22
209,23
209,24
209,25
209,26
209,27
209,28
209,29
209,30
209,31
209,32
209,33
209,34
209,35
209,36
209,37
209,38
209,39
209,40
209,41
209,42
209,43
209,44
209,45
209,46
209,47
209,48
209,49
209,50
209,51
209,52
209,53
209,54
209,55
209,56
209,57
209,58
209,59
209,60
209,61
209,63
209,64
209,65
209,88
209,89
209,90
209,129
209,131
209,137
209,143
209,164
209,165
209,166
209,167
209,168
209,169
209,170
209,171
209,172
209,174
209,175
209,176
209,177
209,178
209,179
209,181
209,182
209,186
209,187
209,193
209,220
209,224
209,225
209,246
209,247
209,252
209,256
209,257
209,270
209,277
209,280
209,281
209,282
209,283
209,284
209,285
209,286
209,287
209,288
209,289
209,290
209,291
209,292
209,293
209,294
209,295
209,296
209,297
209,298
209,299
209,300
209,301
209,302
209,303
209,304
209,305
209,306
209,307
209,308
209,309
209,310
209,311
209,312
209,313
209,314
209,315
209,316
209,317
209,318
209,319
209,320
209,321
209,322
209,323
209,324
209,325
209,326
209,327
209,328
209,329
209,364
209,365
209,385
209,390
209,391
209,407
209,441
209,442
209,481
209,482
209,484
209,485
209,488
209,489
209,490
209,491
209,492
209,493
209,494
209,495
209,496
209,497
209,498
209,499
209,500
209,503
209,504
210,1
210,12
210,13
210,15
210,16
210,17
210,18
210,19
210,20
210,21
210,22
210,23
210,24
210,25
210,26
210,27
210,28
210,29
210,30
210,31
210,32
210,33
210,34
210,35
210,36
210,37
210,38
210,39
210,40
210,41
210,42
210,43
210,44
210,45
210,46
210,47
210,48
210,49
210,50
210,51
210,52
210,53
210,54
210,55
210,56
210,57
210,58
210,59
210,61
210,62
210,63
210,64
210,65
210,66
210,85
210,86
210,98
210,99
210,110
210,111
210,129
210,131
210,132
210,137
210,143
210,164
210,165
210,166
210,167
210,168
210,169
210,170
210,171
210,172
210,173
210,174
210,175
210,176
210,177
210,178
210,179
210,180
210,181
210,193
210,224
210,225
210,240
210,241
210,251
210,252
210,256
210,257
210,270
210,271
210,275
210,276
210,280
210,281
210,282
210,284
210,285
210,286
210,287
210,288
210,289
210,290
210,291
210,292
210,293
210,294
210,295
210,296
210,297
210,298
210,299
210,300
210,301
210,302
210,303
210,304
210,305
210,306
210,307
210,308
210,309
210,310
210,311
210,312
210,313
210,314
210,315
210,316
210,317
210,318
210,319
210,320
210,321
210,322
210,323
210,324
210,325
210,326
210,327
210,332
210,333
210,334
210,364
210,365
210,366
210,367
210,385
210,389
210,390
210,391
210,441
210,478
210,481
210,482
210,483
210,484
210,485
210,486
210,488
210,489
210,490
210,491
210,492
210,493
210,494
210,495
210,496
210,497
210,498
210,499
210,500
210,501
210,503
210,504
211,1
211,12
211,13
211,15
211,16
211,17
211,18
211,19
211,20
211,21
211,22
211,23
211,24
211,25
211,26
211,27
211,28
211,29
211,30
211,31
211,32
211,33
211,34
211,35
211,36
211,37
211,38
211,39
211,40
211,41
211,42
211,43
211,44
211,45
211,46
211,47
211,48
211,49
211,50
211,51
211,52
211,53
211,54
211,55
211,56
211,59
211,61
211,62
211,63
211,65
211,110
211,111
211,129
211,157
211,164
211,165
211,166
211,167
211,168
211,169
211,170
211,171
211,172
211,173
211,174
211,175
211,176
211,177
211,178
211,179
211,180
211,181
211,186
211,193
211,197
211,198
211,240
211,255
211,256
211,257
211,278
211,279
211,280
211,281
211,284
211,285
211,286
211,287
211,288
211,289
211,290
211,291
211,292
211,293
211,294
211,295
211,296
211,297
211,298
211,299
211,300
211,301
211,302
211,303
211,304
211,305
211,306
211,307
211,308
211,309
211,310
211,311
211,312
211,313
211,314
211,315
211,316
211,317
211,318
211,319
211,320
211,321
211,322
211,323
211,324
211,325
211,326
211,327
211,328
211,330
211,331
211,332
211,353
211,385
211,469
211,470
211,477
211,478
211,479
211,483
211,484
211,485
211,486
211,487
211,488
211,489
211,490
211,491
211,492
211,493
211,494
211,495
211,496
211,497
211,498
211,499
211,500
211,501
212,1
212,15
212,16
212,17
212,18
212,19
212,20
212,21
212,22
212,23
212,24
212,25
212,26
212,27
212,28
212,29
212,30
212,31
212,32
212,33
212,34
212,35
212,36
212,37
212,38
212,39
212,40
212,41
212,42
212,43
212,44
212,45
212,46
212,47
212,48
212,49
212,50
212,51
212,52
212,53
212,59
212,65
212,111
212,129
212,144
212,145
212,157
212,158
212,159
212,163
212,164
212,165
212,166
212,167
212,168
212,169
212,170
212,171
212,172
212,173
212,174
212,175
212,176
212,177
212,178
212,179
212,180
212,181
212,182
212,185
212,186
212,187
212,188
212,189
212,193
212,197
212,198
212,255
212,256
212,257
212,280
212,287
212,288
212,289
212,290
212,291
212,292
212,293
212,294
212,295
212,296
212,297
212,298
212,299
212,300
212,301
212,302
212,303
212,304
212,305
212,306
212,307
212,308
212,309
212,310
212,311
212,312
212,313
212,314
212,315
212,316
212,317
212,318
212,319
212,320
212,321
212,322
212,323
212,324
212,325
212,326
212,327
212,328
212,330
212,331
212,332
212,352
212,353
212,385
212,413
212,414
212,477
212,478
212,479
212,482
212,483
212,484
212,485
212,486
212,487
212,488
212,489
212,490
212,491
212,492
212,493
212,494
212,495
212,496
212,497
212,498
212,499
212,500
212,501
212,502
213,1
213,9
213,11
213,12
213,13
213,14
213,15
213,16
213,17
213,18
213,19
213,20
213,21
213,22
213,23
213,24
213,25
213,26
213,27
213,28
213,29
213,30
213,31
213,32
213,33
213,34
213,35
213,36
213,37
213,38
213,39
213,40
213,41
213,42
213,43
213,44
213,45
213,46
213,47
213,48
213,49
213,50
213,51
213,52
213,53
213,54
213,56
213,59
213,62
213,65
213,66
213,73
213,111
213,112
213,114
213,115
213,129
213,159
213,163
213,164
213,165
213,166
213,167
213,168
213,169
213,170
213,171
213,172
213,173
213,174
213,175
213,176
213,177
213,178
213,179
213,180
213,181
213,182
213,184
213,186
213,187
213,188
213,189
213,193
213,257
213,288
213,289
213,290
213,291
213,292
213,293
213,294
213,295
213,296
213,297
213,298
213,299
213,300
213,301
213,302
213,303
213,304
213,305
213,306
213,307
213,308
213,309
213,310
213,311
213,312
213,313
213,314
213,315
213,316
213,317
213,318
213,319
213,320
213,321
213,322
213,323
213,324
213,325
213,326
213,327
213,328
213,330
213,331
213,332
213,333
213,358
213,359
213,360
213,366
213,367
213,385
213,401
213,438
213,439
213,475
213,477
213,478
213,479
213,480
213,481
213,482
213,484
213,485
213,486
213,487
213,488
213,489
213,490
213,491
213,492
213,493
213,494
213,495
213,496
213,497
213,498
213,499
213,500
213,501
213,502
213,503
214,1
214,9
214,10
214,11
214,12
214,13
214,14
214,15
214,16
214,17
214,18
214,19
214,20
214,21
214,22
214,23
214,24
214,25
214,26
214,27
214,28
214,29
214,30
214,31
214,32
214,33
214,34
214,35
214,36
214,37
214,38
214,39
214,40
214,41
214,42
214,43
214,44
214,45
214,46
214,47
214,48
214,49
214,50
214,51
214,54
214,55
214,56
214,57
214,61
214,62
214,65
214,66
214,72
214,73
214,81
214,82
214,98
214,99
214,115
214,129
214,163
214,164
214,165
214,166
214,167
214,168
214,169
214,170
214,171
214,172
214,173
214,174
214,175
214,176
214,177
214,178
214,179
214,180
214,181
214,182
214,183
214,184
214,193
214,195
214,196
214,257
214,287
214,288
214,289
214,290
214,291
214,292
214,293
214,294
214,295
214,296
214,297
214,298
214,299
214,300
214,301
214,302
214,303
214,304
214,305
214,306
214,307
214,308
214,309
214,310
214,311
214,312
214,313
214,314
214,315
214,316
214,317
214,318
214,319
214,320
214,321
214,322
214,323
214,324
214,325
214,326
214,327
214,328
214,329
214,330
214,331
214,338
214,339
214,360
214,361
214,366
214,367
214,385
214,401
214,438
214,475
214,477
214,478
214,479
214,480
214,481
214,482
214,483
214,484
214,485
214,486
214,487
214,488
214,489
214,490
214,491
214,492
214,493
214,494
214,495
214,496
214,497
214,498
214,499
214,500
214,501
214,502
214,503
214,504
215,1
215,9
215,10
215,11
215,12
215,13
215,15
215,16
215,17
215,18
215,19
215,20
215,21
215,22
215,23
215,24
215,25
215,26
215,27
215,28
215,29
215,30
215,31
215,32
215,33
215,34
215,35
215,36
215,37
215,38
215,39
215,40
215,41
215,42
215,43
215,44
215,45
215,46
215,47
215,48
215,49
215,50
215,53
215,54
215,55
215,56
215,57
215,58
215,59
215,64
215,65
215,79
215,99
215,129
215,132
215,162
215,163
215,164
215,165
215,166
215,167
215,168
215,169
215,170
215,171
215,172
215,173
215,174
215,175
215,176
215,177
215,178
215,179
215,180
215,181
215,182
215,183
215,184
215,193
215,195
215,196
215,252
215,253
215,257
215,283
215,284
215,285
215,287
215,288
215,289
215,290
215,291
215,292
215,293
215,294
215,295
215,296
215,297
215,298
215,299
215,300
215,301
215,302
215,303
215,304
215,305
215,306
215,307
215,308
215,309
215,310
215,311
215,312
215,313
215,314
215,315
215,316
215,317
215,318
215,319
215,320
215,321
215,322
215,323
215,324
215,325
215,326
215,327
215,328
215,329
215,330
215,331
215,332
215,334
215,335
215,385
215,387
215,388
215,480
215,481
215,483
215,484
215,485
215,486
215,487
215,488
215,489
215,490
215,491
215,492
215,493
215,494
215,495
215,496
215,497
215,498
215,499
215,500
215,501
215,502
215,503
215,504
215,505
216,1
216,6
216,7
216,8
216,9
216,10
216,13
216,14
216,15
216,16
216,17
216,18
216,19
216,20
216,21
216,22
216,23
216,24
216,25
216,26
216,27
216,28
216,29
216,30
216,31
216,32
216,33
216,34
216,35
216,36
216,37
216,38
216,39
216,40
216,41
216,42
216,43
216,44
216,45
216,46
216,47
216,48
216,49
216,52
216,53
216,54
216,55
216,56
216,57
216,60
216,61
216,62
216,64
216,65
216,73
216,74
216,78
216,79
216,99
216,100
216,129
216,131
216,132
216,144
216,145
216,151
216,152
216,162
216,163
216,164
216,165
216,166
216,167
216,168
216,169
216,170
216,171
216,172
216,173
216,174
216,175
216,176
216,177
216,178
216,179
216,180
216,181
216,182
216,183
216,184
216,191
216,192
216,193
216,257
216,267
216,268
216,283
216,284
216,285
216,286
216,288
216,289
216,290
216,291
216,292
216,293
216,294
216,295
216,296
216,297
216,298
216,299
216,300
216,301
216,302
216,303
216,304
216,305
216,306
216,307
216,308
216,309
216,310
216,311
216,312
216,313
216,314
216,315
216,316
216,317
216,318
216,319
216,320
216,321
216,322
216,323
216,324
216,325
216,326
216,327
216,328
216,329
216,330
216,331
216,332
216,335
216,339
216,340
216,356
216,357
216,359
216,385
216,388
216,433
216,434
216,483
216,484
216,485
216,486
216,487
216,488
216,489
216,490
216,491
216,492
216,493
216,494
216,495
216,496
216,497
216,498
216,499
216,500
216,501
216,502
216,503
216,504
217,1
217,7
217,8
217,9
217,12
217,13
217,14
217,15
217,16
217,17
217,18
217,19
217,20
217,21
217,22
217,23
217,24
217,25
217,26
217,27
217,28
217,29
217,30
217,31
217,32
217,33
217,34
217,35
217,36
217,37
217,38
217,39
217,40
217,41
217,42
217,43
217,44
217,45
217,46
217,47
217,48
217,49
217,50
217,51
217,52
217,53
217,54
217,62
217,63
217,65
217,73
217,129
217,142
217,143
217,164
217,165
217,166
217,167
217,168
217,169
217,170
217,171
217,172
217,173
217,174
217,175
217,176
217,177
217,178
217,179
217,180
217,181
217,182
217,183
217,184
217,185
217,187
217,188
217,190
217,191
217,192
217,193
217,220
217,234
217,257
217,267
217,285
217,286
217,287
217,288
217,289
217,290
217,291
217,292
217,293
217,294
217,295
217,296
217,297
217,298
217,299
217,300
217,301
217,302
217,303
217,304
217,305
217,306
217,307
217,308
217,309
217,310
217,311
217,312
217,313
217,314
217,315
217,316
217,317
217,318
217,319
217,320
217,321
217,322
217,323
217,324
217,325
217,326
217,327
217,328
217,329
217,330
217,331
217,332
217,339
217,340
217,348
217,349
217,358
217,359
217,385
217,395
217,396
217,433
217,474
217,475
217,478
217,479
217,480
217,481
217,483
217,484
217,485
217,486
217,487
217,488
217,489
217,490
217,491
217,492
217,493
217,494
217,495
217,496
217,497
217,498
217,499
217,500
217,502
217,503
218,1
218,12
218,13
218,14
218,15
218,16
218,17
218,18
218,19
218,20
218,21
218,22
218,23
218,24
218,25
218,26
218,27
218,28
218,29
218,30
218,31
218,32
218,33
218,34
218,35
218,36
218,37
218,38
218,39
218,40
218,41
218,42
218,43
218,44
218,45
218,46
218,47
218,48
218,49
218,50
218,51
218,52
218,53
218,56
218,57
218,59
218,60
218,65
218,99
218,100
218,129
218,133
218,134
218,165
218,166
218,167
218,168
218,169
218,170
218,171
218,172
218,173
218,174
218,175
218,176
218,177
218,178
218,179
218,180
218,181
218,182
218,183
218,184
218,185
218,186
218,187
218,188
218,189
218,190
218,193
218,219
218,220
218,234
218,235
218,238
218,257
218,288
218,289
218,291
218,292
218,293
218,294
218,295
218,296
218,297
218,298
218,299
218,300
218,301
218,302
218,303
218,304
218,305
218,306
218,307
218,308
218,309
218,310
218,311
218,312
218,313
218,314
218,315
218,316
218,317
218,318
218,319
218,320
218,321
218,322
218,323
218,324
218,325
218,326
218,327
218,328
218,329
218,330
218,331
218,332
218,333
218,334
218,335
218,340
218,341
218,374
218,375
218,385
218,395
218,403
218,463
218,464
218,474
218,475
218,479
218,480
218,481
218,482
218,483
218,484
218,485
218,486
218,487
218,488
218,489
218,490
218,491
218,492
218,493
218,494
218,495
218,496
218,497
218,498
218,499
218,500
218,501
218,503
218,504
218,507
218,508
219,1
219,12
219,13
219,14
219,15
219,16
219,17
219,18
219,19
219,20
219,21
219,22
219,23
219,24
219,25
219,26
219,27
219,28
219,29
219,30
219,31
219,32
219,33
219,34
219,35
219,36
219,37
219,38
219,39
219,40
219,41
219,42
219,43
219,44
219,45
219,46
219,47
219,48
219,49
219,50
219,51
219,52
219,53
219,55
219,56
219,57
219,59
219,65
219,100
219,128
219,129
219,130
219,133
219,134
219,163
219,164
219,165
219,166
219,167
219,168
219,169
219,170
219,171
219,172
219,173
219,174
219,175
219,176
219,177
219,178
219,179
219,180
219,181
219,182
219,183
219,184
219,185
219,186
219,187
219,188
219,189
219,190
219,191
219,192
219,193
219,195
219,196
219,203
219,204
219,238
219,239
219,250
219,251
219,257
219,292
219,293
219,295
219,296
219,297
219,298
219,299
219,300
219,301
219,302
219,303
219,304
219,305
219,306
219,307
219,308
219,309
219,310
219,311
219,312
219,313
219,314
219,315
219,316
219,317
219,318
219,319
219,320
219,321
219,322
219,323
219,324
219,325
219,326
219,327
219,328
219,329
219,330
219,331
219,332
219,333
219,334
219,353
219,354
219,374
219,375
219,385
219,403
219,404
219,431
219,457
219,472
219,473
219,474
219,475
219,480
219,481
219,482
219,483
219,484
219,485
219,486
219,487
219,488
219,489
219,490
219,491
219,492
219,493
219,494
219,495
219,496
219,497
219,498
219,499
219,500
219,501
219,502
219,503
219,504
220,1
220,13
220,14
220,15
220,16
220,17
220,18
220,19
220,20
220,21
220,22
220,23
220,24
220,25
220,26
220,27
220,28
220,29
220,30
220,31
220,32
220,33
220,34
220,35
220,36
220,37
220,38
220,39
220,40
220,41
220,42
220,43
220,44
220,45
220,46
220,47
220,48
220,49
220,50
220,51
220,52
220,53
220,54
220,55
220,56
220,57
220,65
220,107
220,108
220,119
220,120
220,128
220,129
220,130
220,163
220,164
220,165
220,166
220,167
220,168
220,169
220,170
220,171
220,172
220,173
220,174
220,175
220,176
220,177
220,178
220,179
220,180
220,181
220,182
220,183
220,184
220,185
220,186
220,187
220,188
220,189
220,192
220,193
220,195
220,196
220,203
220,220
220,221
220,224
220,225
220,257
220,266
220,270
220,274
220,275
220,288
220,289
220,290
220,291
220,292
220,293
220,294
220,295
220,296
220,297
220,298
220,299
220,300
220,301
220,302
220,303
220,304
220,305
220,306
220,307
220,308
220,309
220,310
220,311
220,312
220,313
220,314
220,315
220,316
220,317
220,318
220,319
220,320
220,321
220,322
220,323
220,324
220,325
220,326
220,327
220,328
220,329
220,330
220,331
220,333
220,334
220,335
220,336
220,352
220,353
220,354
220,385
220,390
220,391
220,403
220,431
220,456
220,457
220,464
220,465
220,472
220,473
220,474
220,480
220,481
220,482
220,483
220,484
220,485
220,486
220,487
220,488
220,489
220,490